2 0.001 7.354288404478799 6.8465543639970114
2 0.01 7.354288417234483 6.846530920730669
2 0.1 7.354289690741705 6.8462981314205535
2 1.0 7.354415016991336 6.844131987388243
3 0.001 1.6552158629565408 1.671489028953656
3 0.01 1.6552176587754166 1.6711402995429165
3 0.1 1.6553963372277196 1.6678094298267763
3 1.0 1.672318890155961 1.6495815770589473
6 0.001 0.13063050664533368 0.15662298217456766
6 0.01 0.13069166845704164 0.1570133676651501
6 0.1 0.13641376539099562 0.1660892987494758
6 1.0 0.3502436744368371 0.4091951206836821
9 0.001 0.1303951866914059 0.1564652626162473
9 0.01 0.13056439213979504 0.1576632264237352
9 0.1 0.14240983499689824 0.17847861159657225
9 1.0 0.3499068327746921 0.4202611814987257